last_traded_time,ltp_1,bid_price_1,ask_price_1,bid_ask_diff_1,bid_ask_pr_diff_1,last_traded_qty_1,tot_buy_qty_1,tot_buy_sig_1,tot_sell_qty_1,tot_sell_sig_1,avg_trade_price_1,high_1,low_1,ltp_2,bid_price_2,ask_price_2,bid_ask_diff_2,bid_ask_pr_diff_2,last_traded_qty_2,tot_buy_qty_2,tot_buy_sig_2,tot_sell_qty_2,tot_sell_sig_2,avg_trade_price_2,high_2,low_2,ltp_3,bid_price_3,ask_price_3,bid_ask_diff_3,bid_ask_pr_diff_3,last_traded_qty_3,tot_buy_qty_3,tot_buy_sig_3,tot_sell_qty_3,tot_sell_sig_3,avg_trade_price_3,high_3,low_3,final_signal,result
2024-12-30 09:15:00,12.700000000000728,8.0,4.399999999997817,-27925,-1004.9500000011176,17975,51725.0,N,47350.0,N,-12.520000000000437,23949.95,23915.2,-2.049999999999997,-3.950000000000003,-4.0,-19800,-40.39999999999782,34125,175800.0,N,80475.0,N,-6.770000000000003,56.8,46.15,-10.149999999999977,-4.099999999999994,-4.25,11250,-172.25,32325,4575.0,N,1425.0,N,5.27000000000001,258.85,235.55,no signal,neutral
2024-12-30 09:20:00,-27.299999999999272,-28.350000000002183,-29.25,-49000,-779.6499999985099,20175,53400.0,N,18575.0,N,-2.5800000000017462,23953.45,23915.0,-10.899999999999999,-11.100000000000001,-11.049999999999997,-77025,-50.24999999999636,42900,-1672275.0,YES,191100.0,YES,-2.0900000000000034,54.85,43.95,26.19999999999999,27.900000000000034,27.94999999999999,-62925,-236.80000000003201,40050,-957000.0,Y,43200.0,Y,1.509999999999991,262.7,235.75,no signal,neutral
2024-12-30 09:25:00,-17.400000000001455,-15.049999999999272,-15.650000000001455,-47075,-569.4000000022352,17575,3750.0,N,28350.0,N,-8.169999999998254,23918.0,23894.05,-4.899999999999999,-4.550000000000004,-4.550000000000004,44775,-45.05000000000109,49275,27225.0,Y,121425.0,N,-2.3999999999999986,44.65,39.1,15.550000000000011,14.5,14.399999999999977,-6300,-213.70000000001164,50850,-14775.0,YES,-42375.0,YES,6.639999999999986,278.6,259.5,no signal,neutral
2024-12-30 09:30:00,-1.1500000000014552,-2.100000000002183,-1.5999999999985448,-56175,-752.1500000022352,18375,46825.0,Y,132850.0,YES,-5.849999999998545,23905.25,23881.55,-1.4500000000000028,-1.2999999999999972,-1.3000000000000043,-222450,-40.399999999999636,54075,84150.0,Y,69450.0,N,-2.1600000000000037,41.9,36.35,-0.30000000000001137,-0.8499999999999659,-0.8999999999999773,-21975,-235.6999999999971,53925,-6750.0,N,28425.0,Y,3.8100000000000023,285.2,267.0,BUY,neutral
2024-12-30 09:35:00,-17.599999999998545,-14.75,-16.299999999999272,-45275,-1057.949999999255,17700,-1325.0,YES,20575.0,N,-5.379999999997381,23905.0,23868.1,-3.3999999999999986,-3.3999999999999986,-3.4499999999999957,74775,-45.64999999999782,51450,77850.0,N,94200.0,YES,-1.5899999999999963,39.45,33.2,11.899999999999977,11.5,11.649999999999977,41325,-237.54999999998836,49500,-4425.0,N,-15900.0,YES,3.340000000000032,293.0,270.15,SELL,neutral
2024-12-30 09:40:00,4.5,5.099999999998545,4.299999999999272,-16125,-1088.8500000014901,19375,27525.0,Y,4425.0,N,-6.020000000000437,23894.0,23858.25,2.049999999999997,2.0,2.0,19050,-41.54999999999927,60675,129900.0,Y,66300.0,N,-1.6099999999999994,37.9,31.65,-4.0,-4.25,-4.150000000000034,40350,-253.14999999999418,44400,-14775.0,Y,13875.0,Y,3.409999999999968,300.0,277.0,BUY,neutral
2024-12-30 09:45:00,15.650000000001455,15.549999999999272,19.900000000001455,-122800,-929.25,25500,43550.0,N,59350.0,YES,-1.3800000000010186,23907.0,23877.15,2.9499999999999957,2.6000000000000014,2.6499999999999986,-53775,-44.29999999999927,46650,8100.0,N,43275.0,N,-0.759999999999998,39.05,34.8,-14.550000000000011,-13.649999999999977,-13.700000000000045,24525,-243.75,48375,27600.0,YES,15525.0,N,0.8300000000000409,288.8,265.5,no signal,neutral
2024-12-30 09:50:00,25.049999999999272,27.150000000001455,25.099999999998545,-31325,-992.8000000007451,18075,-725.0,YES,-21550.0,Y,0.9000000000014552,23928.0,23895.45,6.5,6.450000000000003,6.5,-110400,-48.30000000000291,51675,3525.0,N,-64050.0,Y,0.020000000000003126,46.0,37.95,-21.100000000000023,-20.950000000000017,-21.0,4650,-228.20000000001164,51525,-10275.0,Y,23775.0,N,-0.7300000000000182,272.55,250.0,BUY,neutral
2024-12-30 09:55:00,-42.099999999998545,-43.29999999999927,-43.0,-25225,-1136.6500000022352,18600,48775.0,Y,85325.0,YES,0.15999999999985448,23929.9,23880.2,-10.200000000000003,-10.0,-10.049999999999997,-61125,-45.60000000000218,48900,-45075.0,YES,116925.0,YES,-0.4200000000000017,45.25,34.25,30.69999999999999,30.80000000000001,31.150000000000006,32625,-224.64999999999418,46725,13725.0,YES,-35550.0,YES,-0.18000000000000682,283.6,248.55,SELL,neutral
2024-12-30 10:00:00,27.799999999999272,27.700000000000728,26.0,-62825,-964.9000000013039,18550,66850.0,N,-1400.0,Y,0.15999999999985448,23924.9,23882.2,6.300000000000004,6.25,6.200000000000003,76950,-45.10000000000218,51375,86100.0,Y,-34950.0,Y,-0.14000000000000057,43.85,34.55,-20.849999999999966,-21.44999999999999,-21.600000000000023,-43875,-228.95000000001164,46350,1050.0,Y,32400.0,Y,-0.2799999999999727,281.35,250.0,BUY,neutral
2024-12-30 10:05:00,6.0,0.2000000000007276,5.0,-6650,-1036.7999999998137,14050,-975.0,YES,-2400.0,Y,0.09999999999854481,23921.45,23892.3,0.20000000000000284,0.29999999999999716,0.25,206475,-45.95000000000073,54975,-30675.0,YES,50100.0,YES,-0.20000000000000284,42.9,35.85,-0.44999999999998863,-0.14999999999997726,-0.1500000000000341,53325,-223.9499999999971,46950,-7350.0,Y,-28650.0,YES,-0.060000000000002274,277.2,252.1,SELL,loss
2024-12-30 10:10:00,14.0,19.450000000000728,13.25,-5425,-1139.9500000011176,14425,5525.0,N,-45225.0,Y,0.8699999999989814,23939.45,23903.6,3.450000000000003,3.25,3.299999999999997,-97275,-47.25,48450,54525.0,Y,-52650.0,Y,0.1600000000000037,46.95,38.6,-17.25,-15.099999999999994,-15.25,-13875,-212.94999999998254,53550,-5625.0,N,24675.0,Y,-1.1000000000000227,267.0,238.65,BUY,neutral
2024-12-30 10:15:00,-6.450000000000728,-3.9500000000007276,-5.80000000000291,-117675,-1201.0,16675,3750.0,N,6825.0,YES,0.9599999999991269,23948.0,23910.85,-1.4500000000000028,-1.5,-1.5500000000000043,-58575,-50.549999999995634,52050,-40950.0,YES,-29475.0,YES,0.25,49.5,39.6,7.099999999999994,6.349999999999994,6.149999999999977,-49650,-206.85000000000582,51750,29475.0,YES,0.0,YES,-1.3799999999999955,257.4,231.75,SELL,neutral
2024-12-30 10:20:00,0.0,0.1500000000014552,4.75,-19100,-876.6499999994412,17200,-2325.0,YES,-4075.0,Y,0.47999999999956344,23937.75,23910.0,0.8000000000000043,0.6000000000000014,0.6000000000000014,-87075,-46.04999999999745,48000,42600.0,Y,63225.0,YES,0.0,45.25,39.55,-4.099999999999994,-3.799999999999983,-3.9499999999999886,4650,-202.75,47550,-4200.0,Y,8475.0,N,-0.35000000000002274,261.0,242.45,BUY,win
2024-12-30 10:25:00,11.899999999997817,7.799999999999272,6.0,-9125,-876.0500000007451,11150,3475.0,N,-18400.0,Y,0.6100000000005821,23945.0,23921.95,0.6999999999999957,1.0,1.0,-184950,-49.95000000000073,48900,6375.0,N,24000.0,N,0.10999999999999943,47.6,42.5,-7.75,-8.150000000000006,-8.400000000000006,-18075,-198.1999999999971,50025,6000.0,N,19575.0,N,-0.6899999999999977,250.75,232.0,no signal,neutral
2024-12-30 10:30:00,7.900000000001455,5.450000000000728,7.0,-34625,-1028.4500000001863,14050,8300.0,N,23250.0,YES,1.4799999999995634,23958.45,23935.6,2.6500000000000057,2.8500000000000014,2.8000000000000043,-52725,-51.30000000000291,45000,-12900.0,YES,-4950.0,Y,0.22999999999999687,49.0,44.4,-6.699999999999989,-7.549999999999983,-7.550000000000011,-18750,-201.04999999998836,44025,50175.0,YES,-6375.0,YES,-1.5399999999999636,239.25,224.0,SELL,loss
2024-12-30 10:35:00,-6.0,-2.5,-2.2999999999992724,-12825,-1057.5500000016764,13900,4100.0,N,15250.0,N,0.569999999999709,23959.9,23941.35,-1.3500000000000014,-1.6499999999999986,-1.6000000000000014,44700,-52.75,45900,15000.0,Y,1125.0,N,0.22000000000000597,50.8,46.25,4.650000000000006,5.400000000000006,5.600000000000023,-28125,-186.90000000000873,39600,8925.0,N,-3450.0,N,-0.7400000000000091,236.25,223.75,no signal,neutral
2024-12-30 10:40:00,6.799999999999272,9.0,6.549999999999272,-42225,-830.5500000007451,14100,4675.0,N,-9700.0,Y,0.5099999999983993,23954.0,23932.0,2.0999999999999943,2.299999999999997,2.3000000000000043,-22425,-50.45000000000073,46950,-31650.0,YES,21225.0,YES,0.09999999999999432,49.6,43.1,-6.349999999999994,-5.75,-5.75,1125,-197.10000000000582,54375,14250.0,N,9975.0,N,-0.9000000000000341,244.0,224.45,no signal,neutral
2024-12-30 10:45:00,50.20000000000073,50.80000000000291,51.20000000000073,-141650,-828.9000000022352,20050,-2450.0,YES,-58700.0,Y,8.130000000001019,24010.0,23951.5,20.89999999999999,21.85000000000001,21.849999999999994,2100,-65.59999999999854,46125,60375.0,Y,-383025.0,Y,2.8000000000000043,73.25,48.4,-34.5,-34.94999999999999,-34.94999999999999,39525,-168.20000000001164,52350,-19800.0,Y,33900.0,Y,-6.159999999999968,229.25,189.5,BUY,neutral
2024-12-30 10:50:00,-13.900000000001455,-13.400000000001455,-15.649999999997817,-12800,-877.0499999988824,18275,-4150.0,YES,28575.0,YES,2.0499999999992724,24010.0,23988.6,-6.200000000000003,-6.049999999999997,-6.100000000000001,38550,-67.75000000000364,47250,2175.0,YES,155850.0,YES,1.1199999999999974,73.15,62.7,4.75,4.050000000000011,4.150000000000006,-34575,-145.79999999998836,44775,11100.0,YES,19425.0,N,-3.5600000000000023,201.0,190.3,SELL,win
2024-12-30 10:55:00,-21.549999999999272,-19.150000000001455,-21.650000000001455,29400,-892.0499999988824,13525,-8850.0,YES,-15125.0,Y,1.4699999999975262,23995.0,23963.35,-6.949999999999996,-6.450000000000003,-6.399999999999999,-78300,-59.29999999999927,41775,-11100.0,YES,102750.0,N,0.5500000000000043,66.8,55.55,17.599999999999994,17.0,16.799999999999983,-8250,-169.3000000000029,44100,-35100.0,Y,-32175.0,YES,-2.3700000000000045,219.2,195.65,no signal,neutral
2024-12-30 11:00:00,-34.099999999998545,-37.099999999998545,-34.54999999999927,15975,-924.4000000003725,14050,2925.0,N,17875.0,YES,0.7700000000004366,23970.15,23926.2,-7.75,-7.800000000000004,-7.799999999999997,-111825,-54.39999999999782,48600,-10275.0,N,49050.0,N,0.21000000000000085,57.5,46.75,29.55000000000001,28.75,28.799999999999983,19500,-200.64999999999418,47775,-2400.0,YES,-44925.0,YES,-0.7800000000000011,250.0,216.9,no signal,neutral
2024-12-30 11:05:00,1.25,3.9500000000007276,2.650000000001455,1750,-833.8000000007451,13550,6700.0,N,5900.0,N,0.18000000000029104,23945.65,23924.25,0.8999999999999986,0.8000000000000043,0.7999999999999972,-138750,-49.54999999999927,38850,37575.0,Y,16875.0,N,0.03999999999999915,51.5,46.5,-2.0500000000000114,-1.5999999999999943,-1.549999999999983,25575,-189.35000000002037,41925,-25650.0,Y,-225.0,Y,-0.0800000000000125,253.05,236.45,BUY,win
2024-12-30 11:10:00,1.8999999999978172,4.799999999999272,4.849999999998545,-36575,-627.9000000003725,10300,8600.0,N,-7900.0,Y,0.07999999999810825,23944.7,23926.0,0.5499999999999972,0.6499999999999986,0.75,-196425,-49.94999999999709,43875,59025.0,Y,-7800.0,Y,0.03999999999999915,51.5,47.65,-4.75,-5.650000000000006,-5.649999999999977,1725,-184.5500000000029,47775,-2475.0,YES,20475.0,Y,-0.09000000000000341,249.4,236.5,BUY,win
2024-12-30 11:15:00,9.950000000000728,9.950000000000728,11.549999999999272,-2125,-694.2000000001863,10725,1075.0,YES,-325.0,N,0.11000000000058208,23951.0,23930.0,1.5499999999999972,1.6999999999999957,1.75,-49200,-48.0,44475,24375.0,N,-5850.0,N,0.060000000000002274,52.8,47.9,-7.700000000000017,-7.899999999999977,-7.849999999999994,-900,-190.14999999999418,42675,-6825.0,Y,-675.0,YES,-0.14999999999997726,248.0,230.1,no signal,neutral
2024-12-30 11:20:00,32.0,26.599999999998545,28.25,-17225,-836.2999999998137,12150,3075.0,N,-73175.0,Y,0.47999999999956344,23978.0,23944.3,8.299999999999997,8.700000000000003,8.699999999999996,11100,-53.099999999998545,46350,7200.0,N,-62175.0,Y,0.259999999999998,60.5,49.95,-21.94999999999999,-23.30000000000001,-23.350000000000023,-9675,-195.34999999999127,42825,-1650.0,N,15750.0,N,-0.9000000000000057,237.5,210.2,no signal,neutral
2024-12-30 11:25:00,16.400000000001455,11.5,14.100000000002183,124450,-953.4499999992549,17925,4075.0,N,-21575.0,YES,1.7999999999992724,23995.0,23971.6,4.050000000000004,3.9000000000000057,3.8499999999999943,22200,-59.19999999999709,47250,39675.0,Y,-14625.0,YES,0.4200000000000017,63.95,57.65,-8.75,-8.600000000000023,-8.650000000000006,-40275,-178.25,39600,80025.0,YES,4650.0,N,-1.079999999999984,215.85,199.75,SELL,loss
2024-12-30 11:30:00,30.25,28.75,29.75,-106800,-948.9500000011176,18825,4800.0,N,-200.0,YES,5.68999999999869,24029.0,23990.0,15.800000000000011,15.400000000000006,15.450000000000003,22125,-68.20000000000073,43950,-59100.0,YES,-199500.0,Y,1.8299999999999983,82.6,64.15,-19.80000000000001,-19.650000000000006,-19.899999999999977,-31425,-162.5500000000029,43125,26175.0,N,38400.0,Y,-3.240000000000009,203.1,179.8,no signal,neutral
2024-12-30 11:35:00,-1.8499999999985448,-6.049999999999272,-6.799999999999272,25950,-1096.3500000014901,15250,-28075.0,YES,12475.0,N,2.930000000000291,24038.95,24002.0,-5.450000000000003,-5.25,-5.25,-23100,-69.15000000000146,41025,20925.0,Y,76050.0,YES,0.9699999999999989,84.1,70.65,6.550000000000011,6.099999999999994,6.200000000000017,-14925,-154.54999999998836,40275,14475.0,N,-2325.0,YES,-2.740000000000009,194.7,174.3,SELL,neutral
2024-12-30 11:40:00,15.049999999999272,14.700000000000728,15.149999999997817,-41625,-925.4000000003725,14200,-5650.0,Y,2025.0,Y,1.7800000000024738,24040.0,24002.3,7.25,6.75,6.799999999999997,57900,-77.04999999999563,46725,24225.0,N,-14325.0,Y,0.980000000000004,86.65,70.4,-8.199999999999989,-6.75,-6.949999999999989,-21150,-167.4499999999971,43275,-64275.0,Y,-6825.0,YES,-1.950000000000017,197.9,175.5,BUY,neutral
2024-12-30 11:45:00,13.849999999998545,13.75,13.0,-55625,-742.7000000001863,23075,3875.0,N,57175.0,YES,2.610000000000582,24048.85,24020.55,8.800000000000011,8.700000000000003,8.75,86250,-83.44999999999709,44325,74850.0,Y,-96300.0,Y,1.4600000000000009,92.9,78.65,-8.25,-8.400000000000006,-8.599999999999994,-20925,-153.20000000001164,44775,1050.0,YES,31500.0,Y,-2.1599999999999966,185.5,170.15,BUY,neutral
2024-12-30 11:50:00,5.950000000000728,5.25,5.450000000000728,3325,-1067.7000000011176,17800,475.0,YES,-57475.0,Y,7.709999999999127,24078.15,24049.0,9.399999999999991,8.5,8.550000000000011,20550,-93.44999999999709,44625,-30525.0,YES,55050.0,YES,3.519999999999996,111.4,93.95,2.1500000000000057,2.8499999999999943,2.799999999999983,-46200,-145.09999999999127,45000,67650.0,YES,5100.0,N,-4.610000000000014,173.0,161.6,SELL,neutral
2024-12-30 11:55:00,-9.0,-4.5,-5.400000000001455,-5200,-956.5,20800,27625.0,Y,23725.0,YES,2.279999999998836,24069.5,24042.25,-4.950000000000003,-3.9000000000000057,-3.799999999999997,-198150,-93.54999999999563,48300,-15750.0,N,-29100.0,Y,1.3599999999999994,108.35,96.85,1.9000000000000057,1.799999999999983,1.8499999999999943,-9075,-148.70000000001164,41850,4350.0,N,525.0,YES,-2.180000000000007,178.15,165.75,no signal,neutral
2024-12-30 12:00:00,0.0,0.5,0.5499999999992724,6250,-758.6500000003725,16525,17400.0,N,14725.0,N,1.4900000000016007,24059.35,24036.25,-0.3999999999999915,-1.5499999999999972,-1.5499999999999972,23175,-85.34999999999854,44700,4350.0,Y,64500.0,YES,0.7999999999999972,101.6,92.3,-3.6500000000000057,-2.4000000000000057,-2.5,-28800,-143.99999999998545,43425,7725.0,N,12450.0,N,-2.0800000000000125,178.2,166.9,no signal,neutral
2024-12-30 12:05:00,-8.900000000001455,-11.0,-11.0,-78625,-686.2499999990687,20075,15875.0,N,406425.0,YES,1.5799999999981083,24053.3,24032.2,-6.849999999999994,-6.5,-6.5,-58050,-82.30000000000291,40350,9375.0,N,38775.0,N,0.6299999999999955,98.85,89.3,8.850000000000023,8.699999999999989,8.5,-62325,-144.65000000000873,38700,1875.0,Y,-8850.0,YES,-1.5999999999999943,180.0,168.4,no signal,neutral
2024-12-30 12:10:00,2.0,-1.7000000000007276,-0.2000000000007276,5675,-631.7500000009313,15625,18900.0,N,-5275.0,Y,1.6500000000014552,24055.0,24035.0,1.8999999999999915,1.75,1.75,-13200,-81.55000000000291,40950,2925.0,YES,-10950.0,Y,0.6699999999999946,99.8,90.8,1.3000000000000114,1.0999999999999943,1.3000000000000114,-10575,-141.3000000000029,41475,-6375.0,Y,-3150.0,N,-1.3100000000000023,180.55,168.25,BUY,loss
2024-12-30 12:15:00,-15.0,-11.849999999998545,-16.099999999998545,15100,-892.0499999998137,18225,-3700.0,YES,-10125.0,Y,1.2200000000011642,24044.3,24019.0,-2.299999999999997,-2.299999999999997,-2.4000000000000057,-47475,-77.24999999999272,39225,-4575.0,YES,43725.0,YES,0.490000000000002,94.95,87.25,7.400000000000006,8.400000000000006,8.300000000000011,-4725,-165.0,41925,-825.0,N,-13275.0,YES,-1.3700000000000045,191.0,177.45,SELL,win
2024-12-30 12:20:00,-18.0,-19.200000000000728,-21.5,42925,-1033.7499999990687,13225,-14900.0,YES,-6525.0,N,0.819999999999709,24032.0,24005.25,-4.0,-4.450000000000003,-4.3999999999999915,-7725,-79.70000000000437,40050,-62625.0,YES,22050.0,N,0.45000000000000284,93.7,84.7,12.599999999999994,13.600000000000023,13.650000000000006,-24900,-163.14999999999418,48600,4800.0,N,-37275.0,YES,-0.9799999999999898,203.35,183.2,SELL,win
2024-12-30 12:25:00,-58.900000000001455,-62.79999999999927,-58.70000000000073,139525,-1089.2999999970198,19075,-54900.0,YES,4150.0,N,1.0399999999972351,24020.0,23943.9,-22.25,-21.599999999999994,-21.69999999999999,-114750,-79.14999999999782,46500,-154425.0,YES,44250.0,YES,0.509999999999998,89.8,65.4,47.599999999999994,44.25,44.400000000000006,-40500,-194.84999999999127,45225,-33075.0,Y,-70725.0,YES,0.060000000000002274,246.15,194.5,SELL,neutral
2024-12-30 12:30:00,2.9500000000007276,-2.599999999998545,2.100000000002183,20800,-1103.3499999977648,20225,1650.0,Y,13200.0,N,-1.5799999999981083,23960.0,23910.0,-2.8000000000000043,-3.049999999999997,-3.1000000000000014,-137325,-57.65000000000509,44325,160725.0,Y,24600.0,N,-0.060000000000002274,66.7,52.45,3.4000000000000057,2.1500000000000057,1.9499999999999886,-27900,-235.80000000001746,39975,-16875.0,N,-3825.0,Y,1.6499999999999773,272.4,236.85,BUY,neutral
2024-12-30 12:35:00,-7.950000000000728,-3.1999999999970896,-7.0,-19775,-1071.8499999996275,15875,30875.0,Y,7500.0,N,-0.25,23961.85,23932.4,-0.10000000000000142,0.19999999999999574,0.25,-82425,-61.549999999995634,40050,41100.0,N,76275.0,YES,0.030000000000001137,67.65,59.9,-1.5999999999999943,-1.0,-1.0500000000000114,3375,-212.04999999998836,35850,6150.0,YES,36825.0,Y,0.4300000000000068,256.0,236.8,no signal,neutral
2024-12-30 12:40:00,11.399999999997817,11.399999999997817,14.950000000000728,39675,-915.6499999994412,15000,-825.0,YES,-3650.0,Y,-0.1900000000023283,23958.05,23930.0,4.649999999999999,4.550000000000004,4.6000000000000085,-68100,-61.29999999999927,42225,55575.0,N,41700.0,N,0.020000000000003126,67.2,60.05,-10.099999999999994,-11.050000000000011,-11.050000000000011,-8625,-212.94999999998254,47475,-11250.0,Y,7275.0,N,0.29000000000002046,259.0,238.5,no signal,neutral
2024-12-30 12:45:00,-2.2999999999992724,-2.5,-4.950000000000728,-288875,-800.6000000005588,15425,-2075.0,YES,-32300.0,Y,0.06000000000130967,23974.2,23944.05,0.7000000000000028,0.3999999999999915,0.3999999999999915,-29625,-66.59999999999854,46500,72825.0,N,29175.0,N,0.11999999999999744,71.25,65.2,0.6499999999999773,1.1999999999999886,1.3000000000000114,-12825,-211.90000000000873,42150,-11625.0,Y,8775.0,N,0.21999999999999886,246.9,227.65,no signal,neutral
2024-12-30 12:50:00,0.4500000000007276,-4.950000000000728,-2.0499999999992724,-23225,-749.3999999994412,14050,6475.0,N,8525.0,YES,-0.040000000000873115,23960.0,23942.4,-1.4499999999999886,-1.5,-1.5,-60600,-64.29999999999927,49650,64500.0,N,51300.0,YES,0.05000000000000426,70.2,64.6,2.6500000000000057,2.25,2.3000000000000114,16725,-208.9999999999709,41850,825.0,N,-24300.0,YES,0.22999999999998977,248.35,233.2,SELL,neutral
2024-12-30 12:55:00,-0.5499999999992724,-2.5499999999992724,-2.349999999998545,62575,-900.5499999998137,13275,625.0,YES,5975.0,N,-0.13999999999941792,23956.05,23931.1,-1.9500000000000028,-1.9000000000000057,-1.9500000000000028,-38550,-62.54999999999927,44175,-42525.0,YES,-150.0,Y,0.01999999999999602,67.25,61.7,1.8499999999999943,1.25,1.3499999999999943,-39225,-201.65000000000873,38925,-5775.0,Y,-3300.0,Y,0.3199999999999932,255.0,238.85,BUY,loss
2024-12-30 13:00:00,-23.950000000000728,-17.200000000000728,-21.75,37825,-788.1499999994412,15950,-2200.0,YES,-3525.0,Y,-0.3400000000001455,23948.95,23922.0,-4.199999999999996,-4.200000000000003,-4.149999999999999,-64725,-57.849999999998545,42600,-53325.0,YES,103125.0,YES,-0.01999999999999602,64.3,58.55,15.100000000000023,15.050000000000011,15.049999999999983,-300,-216.45000000001164,38175,1350.0,N,-7500.0,YES,0.5099999999999909,266.45,247.0,SELL,neutral
2024-12-30 13:05:00,-0.9000000000014552,1.0,2.7999999999992724,20600,-1002.6500000003725,11325,24575.0,Y,-1825.0,N,-0.20999999999912689,23935.9,23920.0,0.3500000000000014,0.25,0.19999999999999574,-43725,-54.75000000000364,45525,19275.0,Y,-14550.0,Y,-0.020000000000003126,62.85,58.3,-4.0499999999999545,-3.650000000000034,-3.599999999999966,-28875,-212.35000000000582,41400,3225.0,N,10650.0,N,0.3299999999999841,268.95,255.9,BUY,loss
2024-12-30 13:10:00,4.649999999997817,8.450000000000728,4.649999999997817,-11875,-939.25,10700,15225.0,N,30875.0,YES,-0.13000000000101863,23941.7,23921.1,0.3500000000000014,0.14999999999999858,0.14999999999999858,-42450,-56.20000000000073,45600,18525.0,N,3225.0,N,-0.00999999999999801,62.95,59.55,-1.9499999999999886,-1.400000000000034,-1.5,7875,-200.0500000000029,38325,975.0,Y,-75.0,YES,0.21999999999999886,264.0,251.15,no signal,neutral
2024-12-30 13:15:00,3.0,4.0,3.149999999997817,700,-1013.0,11800,59150.0,Y,-1450.0,Y,-0.18999999999869033,23943.95,23921.75,1.75,1.3500000000000014,1.3000000000000043,-30675,-53.099999999998545,39375,-7650.0,YES,18675.0,N,-0.00999999999999801,62.7,59.2,-8.150000000000006,-8.300000000000011,-8.150000000000006,-2625,-195.85000000000582,40875,-3900.0,Y,16650.0,N,0.19000000000002615,263.65,246.65,BUY,loss
2024-12-30 13:20:00,-15.0,-15.0,-14.25,16475,-867.9500000011176,9250,-6600.0,YES,2950.0,N,-0.27000000000043656,23936.5,23911.1,-4.800000000000004,-4.299999999999997,-4.350000000000001,3075,-53.29999999999927,46950,-48150.0,YES,38625.0,N,-0.03999999999999915,61.85,55.55,15.150000000000006,13.899999999999977,13.999999999999972,6675,-211.0500000000029,44250,16425.0,YES,-14775.0,YES,0.4099999999999966,273.0,251.1,SELL,win
2024-12-30 13:25:00,-33.79999999999927,-29.5,-29.75,-321525,-985.0500000007451,16375,-51600.0,YES,38925.0,YES,-2.0600000000013097,23920.0,23885.6,-6.950000000000003,-6.450000000000003,-6.549999999999997,-113250,-50.900000000001455,48750,-169275.0,YES,-15600.0,Y,-0.23000000000000398,57.35,49.6,28.0,25.799999999999955,25.75,-20475,-253.64999999997963,39900,-14250.0,Y,-14925.0,YES,1.3100000000000023,295.0,264.05,SELL,win
2024-12-30 13:30:00,-40.20000000000073,-40.900000000001455,-39.25,725,-1076.9000000022352,19625,-11025.0,Y,-29450.0,Y,-7.979999999999563,23894.95,23837.1,-5.25,-5.0,-5.049999999999997,-143775,-50.049999999995634,48525,89250.0,Y,7800.0,YES,-0.4299999999999997,51.6,42.65,27.399999999999977,28.80000000000001,28.75,-15450,-297.9000000000233,39375,-12900.0,N,21600.0,Y,1.9000000000000057,334.9,288.6,BUY,neutral
2024-12-30 13:35:00,5.799999999999272,5.799999999999272,7.0,-26525,-1021.7500000018626,17925,24250.0,Y,18075.0,YES,-3.7999999999992724,23857.0,23828.35,-2.1000000000000014,-1.5499999999999972,-1.6000000000000014,-96975,-44.099999999998545,55425,15075.0,N,47850.0,YES,-0.39000000000000057,44.95,39.5,-2.3000000000000114,-4.899999999999977,-4.650000000000034,35100,-287.09999999999127,35850,-15225.0,Y,9825.0,N,0.9900000000000091,343.25,318.6,no signal,neutral
2024-12-30 13:40:00,-14.700000000000728,-16.799999999999272,-14.099999999998545,275,-1048.7000000001863,14175,3350.0,N,5550.0,N,-1.360000000000582,23853.9,23832.95,-2.5500000000000043,-2.3999999999999986,-2.3500000000000014,-3525,-42.0,47325,-9525.0,YES,95325.0,YES,-0.240000000000002,43.35,39.7,8.600000000000023,8.149999999999977,8.300000000000011,-6750,-274.94999999998254,40725,-14325.0,N,21075.0,N,0.8199999999999932,338.0,321.9,no signal,neutral
2024-12-30 13:45:00,-16.0,-16.5,-16.0,-144025,-836.1500000003725,25725,-950.0,YES,11275.0,N,-5.180000000000291,23835.0,23805.7,0.25,0.25,0.25,-71775,-45.70000000000073,53625,47925.0,Y,-34575.0,Y,-0.28999999999999915,41.6,38.8,13.800000000000011,14.100000000000023,13.949999999999989,-27225,-328.59999999999127,46350,3000.0,N,-53925.0,YES,1.5,358.0,333.05,no signal,neutral
2024-12-30 13:50:00,-22.400000000001455,-20.299999999999272,-21.599999999998545,95725,-1022.6999999992549,17850,-46900.0,YES,-31550.0,Y,-4.279999999998836,23828.1,23790.3,-2.8500000000000014,-2.799999999999997,-2.75,-161475,-42.74999999999818,56250,-1575.0,YES,93900.0,YES,-0.3400000000000034,40.95,36.8,23.94999999999999,24.350000000000023,24.5,9675,-341.4499999999971,42375,-2700.0,Y,-11400.0,Y,1.4099999999999966,376.15,342.15,no signal,neutral
2024-12-30 13:55:00,16.25,17.25,15.649999999997817,-15200,-1058.1000000005588,18525,-48500.0,YES,900.0,YES,-1.7300000000032014,23824.0,23791.45,0.10000000000000142,-0.14999999999999858,-0.10000000000000142,-69225,-43.80000000000291,45300,9075.0,N,-20700.0,Y,-0.21000000000000085,40.2,36.45,-14.149999999999977,-13.649999999999977,-13.699999999999989,17475,-333.6000000000058,47250,-75.0,N,8400.0,N,0.6899999999999977,376.45,349.65,no signal,neutral
2024-12-30 14:00:00,-0.3499999999985448,-3.150000000001455,0.049999999999272404,-84750,-1096.4500000001863,19500,72925.0,Y,3600.0,N,-2.180000000000291,23813.55,23786.6,0.7000000000000028,0.6999999999999957,0.75,90375,-39.70000000000073,47550,154425.0,Y,15150.0,YES,-0.22999999999999687,38.8,35.35,2.6999999999999886,1.4499999999999886,1.25,-4125,-328.0,52350,-13800.0,Y,17475.0,N,0.7900000000000205,373.0,352.0,BUY,neutral
2024-12-30 14:05:00,-2.9500000000007276,0.0,-1.9500000000007276,-13925,-1357.6000000005588,17550,46500.0,N,3950.0,N,-1.4899999999979627,23820.15,23789.2,-0.15000000000000568,0.04999999999999716,0.04999999999999716,-13800,-39.100000000000364,48300,3675.0,N,-17175.0,Y,-0.17999999999999972,39.2,35.9,-0.0999999999999659,-0.8000000000000114,-0.9499999999999886,-4875,-298.1999999999971,41625,3300.0,N,-75.0,YES,0.4399999999999977,370.75,347.1,no signal,neutral
2024-12-30 14:10:00,-17.549999999999272,-16.849999999998545,-11.80000000000291,-9575,-1043.7499999990687,14700,12750.0,N,-17550.0,Y,-2.970000000001164,23805.65,23782.0,-1.1499999999999986,-0.5,-0.5500000000000043,-84600,-43.24999999999818,48900,51300.0,Y,8850.0,YES,-0.1600000000000037,38.0,36.15,12.850000000000023,9.549999999999955,9.550000000000011,10275,-302.3500000000058,40125,-11250.0,Y,225.0,N,0.7099999999999795,381.1,361.0,BUY,neutral
2024-12-30 14:15:00,10.0,5.5,0.09999999999854481,-32200,-1170.75,13950,3925.0,N,7750.0,YES,-1.1700000000018917,23813.75,23783.95,0.04999999999999716,0.20000000000000284,0.20000000000000284,97125,-38.850000000000364,49575,14625.0,N,17775.0,N,-0.14999999999999858,39.35,36.8,-3.8500000000000227,-5.0,-5.0499999999999545,26925,-297.40000000000873,35100,8250.0,N,11250.0,N,0.5300000000000011,377.0,351.75,no signal,neutral
2024-12-30 14:20:00,-1.5,0.0,-1.9000000000014552,-46200,-831.0500000007451,13775,-15525.0,YES,3575.0,N,-2.0200000000004366,23800.0,23771.75,0.25,0.10000000000000142,0.04999999999999716,31050,-42.850000000000364,54225,-93825.0,YES,13125.0,N,-0.20000000000000284,38.2,34.45,2.0,1.849999999999966,1.8999999999999773,20625,-330.25,50025,33450.0,YES,-17700.0,YES,0.9200000000000159,388.5,363.65,SELL,loss
2024-12-30 14:25:00,-6.599999999998545,-7.299999999999272,-6.599999999998545,-30025,-944.0999999996275,12775,28175.0,Y,-300.0,Y,-1.2000000000007276,23796.0,23780.0,-1.6000000000000014,-1.7000000000000028,-1.7000000000000028,-23250,-38.70000000000073,48450,3150.0,Y,64800.0,YES,-0.14000000000000057,37.25,34.8,1.75,1.5500000000000114,1.4500000000000455,2625,-270.8500000000058,43950,-23025.0,Y,7125.0,Y,0.5099999999999909,379.75,365.4,BUY,neutral
2024-12-30 14:30:00,34.29999999999927,27.200000000000728,30.25,-39825,-1125.0,18250,1225.0,YES,16575.0,N,-2.2599999999983993,23828.95,23785.75,2.700000000000003,2.6499999999999986,2.700000000000003,-52800,-44.19999999999709,49725,137400.0,Y,-33750.0,Y,-0.20000000000000284,39.35,36.0,-25.05000000000001,-24.30000000000001,-24.44999999999999,8850,-299.04999999998836,41625,7950.0,YES,19800.0,N,0.6900000000000261,371.0,337.4,no signal,neutral
2024-12-30 14:35:00,14.950000000000728,14.150000000001455,12.849999999998545,27450,-1027.2999999998137,14975,1575.0,N,-8600.0,Y,-1.1000000000021828,23835.05,23800.6,0.04999999999999716,-0.29999999999999716,-0.29999999999999716,-24150,-39.95000000000073,49200,6300.0,N,2775.0,YES,-0.18999999999999773,39.15,35.0,-12.949999999999989,-11.949999999999989,-12.0,-6825,-288.6499999999796,33600,-12000.0,Y,-14700.0,YES,0.5599999999999739,362.1,328.05,no signal,neutral
2024-12-30 14:40:00,-8.0,-3.0,-7.950000000000728,-30275,-945.4499999992549,15475,-24775.0,YES,19925.0,YES,-0.7999999999992724,23835.0,23806.3,-2.1000000000000014,-2.200000000000003,-2.200000000000003,-121275,-44.60000000000218,65700,-205800.0,YES,90525.0,YES,-0.17999999999999972,38.8,35.05,-0.10000000000002274,1.25,1.6499999999999773,-5250,-291.40000000000873,37575,15825.0,YES,-750.0,N,0.7600000000000193,351.4,330.0,SELL,loss
2024-12-30 14:45:00,3.0,3.099999999998545,3.9500000000007276,-97825,-730.0500000007451,17625,3150.0,Y,-3150.0,Y,-0.8400000000001455,23840.0,23812.35,1.1999999999999957,1.1499999999999986,1.1499999999999986,74100,-42.55000000000109,54675,117450.0,Y,-1575.0,Y,-0.23000000000000398,38.8,35.55,-2.7999999999999545,-3.4499999999999886,-3.400000000000034,3825,-278.40000000000873,39900,-9900.0,Y,21825.0,Y,0.5199999999999818,346.0,319.45,BUY,loss
2024-12-30 14:50:00,3.0,3.0499999999992724,3.0,-60625,-685.6499999994412,14200,9200.0,N,-2925.0,N,-0.7900000000008731,23848.0,23818.0,-0.44999999999999574,-0.5500000000000043,-0.5499999999999972,-59925,-41.75,57525,21900.0,N,15600.0,N,-0.17999999999999972,39.3,35.25,-4.850000000000023,-4.400000000000034,-4.399999999999977,13275,-257.25,41025,3225.0,N,-14925.0,YES,0.44999999999998863,339.45,316.85,no signal,neutral
2024-12-30 14:55:00,26.0,23.900000000001455,25.900000000001455,-26675,-881.7500000018626,17525,7050.0,N,-7900.0,Y,-1.3400000000001455,23860.0,23831.8,0.09999999999999432,0.10000000000000142,0.10000000000000142,-201900,-47.14999999999782,50550,-244500.0,YES,-32625.0,Y,-0.22999999999999687,39.5,36.8,-21.600000000000023,-20.55000000000001,-20.44999999999999,-27825,-267.2999999999738,50400,-3150.0,Y,38700.0,Y,0.5200000000000102,326.15,300.0,BUY,loss
2024-12-30 15:00:00,-36.79999999999927,-36.04999999999927,-36.04999999999927,9775,-1317.9500000011176,19125,-9625.0,YES,7425.0,N,-1.7400000000016007,23869.0,23801.0,-4.600000000000001,-4.650000000000006,-4.649999999999999,-62700,-42.44999999999891,52350,-163875.0,Y,-23325.0,N,-0.5600000000000023,39.4,29.7,30.94999999999999,30.350000000000023,30.450000000000045,2250,-317.5,45300,44700.0,YES,-42000.0,YES,1.2800000000000011,354.45,293.95,SELL,neutral
2024-12-30 15:05:00,-10.349999999998545,-11.099999999998545,-13.299999999999272,33375,-1346.7000000011176,17575,29800.0,Y,-8150.0,Y,-1.0499999999992724,23827.0,23802.7,-1.9499999999999957,-1.9499999999999993,-1.9500000000000028,-493050,-35.75,56625,54000.0,Y,-39825.0,Y,-0.46999999999999886,33.2,30.0,10.100000000000023,11.799999999999955,11.850000000000023,-20850,-301.50000000001455,51975,-34650.0,Y,-23700.0,N,0.8400000000000034,350.55,330.6,BUY,loss
2024-12-30 15:10:00,-13.850000000002183,-18.900000000001455,-15.200000000000728,-24675,-921.5999999977648,19475,-33425.0,YES,4000.0,N,-3.470000000001164,23813.2,23773.6,-3.049999999999997,-3.25,-3.1999999999999993,-728325,-32.049999999995634,66975,145425.0,Y,-4500.0,YES,-0.6899999999999977,31.5,26.7,17.650000000000034,17.75,17.700000000000045,-5325,-306.6499999999796,41550,-7125.0,YES,9150.0,Y,1.039999999999992,372.9,339.15,SELL,neutral
2024-12-30 15:15:00,35.150000000001455,35.10000000000218,29.25,-104150,-648.0,15900,21425.0,Y,1000.0,Y,-1.8300000000017462,23829.0,23793.85,2.5500000000000007,2.599999999999998,2.6000000000000014,-578250,-33.75000000000364,61575,80850.0,N,-48750.0,Y,-0.3399999999999963,31.55,28.7,-35.700000000000045,-36.44999999999999,-36.44999999999999,-33825,-283.0,42825,-5025.0,N,3450.0,N,0.9299999999999784,355.1,319.3,no signal,neutral
2024-12-30 15:20:00,4.69999999999709,4.849999999998545,4.0,-57075,-777.7000000011176,13875,11200.0,N,6350.0,N,-0.8999999999978172,23839.9,23825.65,0.6999999999999993,0.5499999999999972,0.5500000000000007,-499350,-37.350000000000364,55575,-282150.0,YES,-65325.0,Y,-0.3200000000000003,32.2,29.0,-0.6999999999999886,-1.25,-0.75,-14625,-270.25,42300,-11250.0,Y,-2550.0,YES,0.4099999999999966,326.05,311.45,no signal,neutral
2024-12-30 15:25:00,-3.5,-3.5499999999992724,-5.0,-7700,-871.3499999996275,17575,-56775.0,YES,-80325.0,Y,-1.3400000000001455,23841.5,23828.0,-2.299999999999997,-2.25,-1.8999999999999986,-262125,-36.599999999998545,59775,-669600.0,YES,-158475.0,Y,-0.3100000000000023,32.65,29.55,3.5500000000000114,3.5500000000000114,5.699999999999989,-94875,-251.60000000000582,43950,-170700.0,Y,-68100.0,YES,0.38999999999998636,323.95,312.4,no signal,neutral
